st.all <- list(r = 2.844642,
               beta = 2.386305,
               d = 12.0,
               eta = 0.09361126,
               tau = 0.0,
               lambda = 1.0,
               dims = c(1, 1),
               w = matrix(rep(0, 4), nrow = 1),
               colskip = 3)